words
제공 기 처음 결정 기 정기 강화 상황 권고 도입 상황 검토 기 정기 모습 제공 도입 방침 상황 수 원 결정 조 억원 규모 예정 선 결정 중 예정 교수 교수 결정 한편 사건 공식 입장 관심 말 기준 명 최대 규모 중 개 천 명 억 천 천 수준 기준 명 수준 대 기준 명 기준 명 국내 개 수 약 배 가까이 
모델 기능 소개 제공 기 신제품 전 게임 기능 강화 형 형 전 최초 프로 기능 도입 기술 게임 게임 발생 수 입력 화 화 수 기술 도입 프로 기존 기능 기술 기능 화 게임 수 기능 이용 게임 게임 사용 파악 기술 게임 때문 게임 중요 기능 중 거듭 경험 시장 국내 앞 설명 프로 기술 다양 디테일 정확 가능 처리 속도 최초 게임 화 조절 최초 기능 다양 게임 정보 표시 수 게임 게임 게임 수 번 걱정 기반 게임 가능 최초 게임 도입 뒤 연속 수상 바 기술 강화 토론 게임 의견 반영 프로 기술 기술 채용 의견 서비스 분야 게임 대상 게임 과제 초대형 게임 미래 경우 적극 채용 계획 시장 시 며 경험 중요 중심 경험 말 전 게임 기능 대폭 
모델 기능 소개 제공 전 제품 게임 기능 강화 형 형 전 최초 프로 기능 도입 기술 게임 게임 발생 수 입력 화 화 수 기술 도입 프로 기존 기능 기술 기능 화 게임 수 기능 이용 게임 게임 사용 파악 디테일 정확 가능 처리 속도 최초 게임 대 대 화 조절 가능 최초 기능 다양 게임 정보 표시 수 게임 게임 번 걱정 번 기반 게임 연속 수상 기술 강화 토론 게임 의견 반영 프로 기술 기술 채용 의견 서비스 분야 게임 대상 게임 과제 초대형 게임 미래 경우 적극 채용 계획 시장 시 며 경험 중요 중심 경험 말 
기 모델 기능 소개 국내 신제품 게임 기능 강화 형 형 전 최초 프로 기능 도입 기술 게임 게임 발생 수 입력 화 화 기술 도입 프로 기존 기술 기술 기능 화 게임 수 기능 기술 게임 때문 게임 중요 기능 이용 게임 게임 사용 거듭 경험 시장 모델 기능 소개 프로 기술 디테일 정확 가능 처리 속도 최초 게임 화 조절 최초 기능 다양 게임 정보 표시 수 게임 게임 환경 게임 수 번 걱정 기반 게임 가능 최초 게임 도입 연속 전시 미국 수상 기술 강화 토론 게임 의견 반영 프로 기술 기술 채용 의견 경험 서비스 분야 게임 대상 과제 게임 미래 경우 적극 채용 계획 시장 시 며 경험 중심 경험 게임 기능 
프로 첫 기 신제품 전 게임 기능 강화 모델 기능 소개 형 형 전 최초 프로 기능 도입 기술 게임 게임 발생 수 입력 화 화 수 기술 도입 프로 기존 기능 기술 기능 화 게임 수 기능 이용 게임 게임 사용 파악 기술 게임 때문 게임 중요 기능 중 국내 프로 기술 다양 디테일 정확 가능 처리 속도 최초 게임 대 대 화 조절 최초 기능 다양 게임 정보 표시 수 게임 게임 게임 수 번 걱정 기반 게임 가능 최초 게임 도입 뒤 연속 수상 기술 강화 토론 게임 의견 반영 프로 기술 기술 채용 의견 서비스 분야 게임 대상 게임 과제 초대형 게임 미래 경우 적극 채용 계획 시장 시 며 경험 중요 말 중심 경험 전 게임 기능 대폭 강화 
기 미국 공장 검토 관심 낮 기술 정책 기업들 각광 기준 기업 개 세계 위 기업 이전 결정 세계 위 이전 계획 발표 기업 계획 화제 도시 위 차세대 주목 이유 대비 적 자원 첨단 기술 수 집중 분석 미국 사이 약 명 미국 대 중 도시 적 도시 미국 명 미국 미국 세 비중 지역 세 미국 도시 세 주변 미국 우수 확보 세 비중 미국 편 기업들 이유 때문 살 적 미국 경제 연구 미국 도시 비용 카드 라 유수 기업들 적극적 정책 기업 결정적 요인 공장 공장 검토 지역 약 규모 공장 중 보도 공장 대지 용 상태 최근 전제 억 약 억원 요청 미국 적극적 조건 분석 억 달러 단행 경우 발생 경제적 효과 약 조 억원 규모 파격적 정책 유수 기업들 작용 조건 지 관심 주목 관계자 복수 검토 중 결정 바 말 이유 
공식 구체적 내용 발표 기회 분석 신 기 세계 최대 신 격 과거 수 지 관심사 국내 구체적 내용 주목 제조 설계 공장 경우 시장 대 입장 기회 수 분석 밥 발표 신 뒤 제조 발표 바 자리 제품 생산 생각 면 기술 제품 이용 확대 생산 포기 미국 시장 관심사 중 설계 생산 고집 최고 설계 기술 리 위 미국 유명 억 약 조 억원 확보 이후 모색 바 러브 수익성 설계 제조 변화 검토 촉구 은 아시아 관심 이유 성 눈 
